topology: 16 4 1
in: 374 388 -374 -388 0 0 229 172 0 0 0 0 0 74 0 0 
out: 0.0
in: 374 388 -374 -388 0 0 192 134 0 0 0 0 0 53 0 0 
out: 0.0
in: 374 388 -374 -388 0 0 169 172 0 0 0 0 0 58 0 0 
out: 0.0
in: 374 388 -374 -388 0 0 177 140 0 0 0 0 0 26 0 0 
out: 0.0
in: 374 388 -374 -388 0 0 220 109 0 0 0 0 0 10 0 0 
out: 0.0
in: 374 388 -374 -388 0 0 233 200 0 0 0 0 0 60 0 0 
out: 0.0
in: 374 388 -374 -388 0 0 226 195 0 0 0 0 0 58 0 0 
out: 0.0
in: 374 388 -374 -388 0 0 176 161 0 0 0 0 0 54 0 0 
out: 0.0